------------------------------------------------------------------------------------------------------------------------
Vector testing report
Params:

Collected 55 files with 0 errors

------------------------------------------------------------------------------------------------------------------------
Metric: "auroc"
                                                             scores_valid                                                                                                                                                                                             
                                                                     mean  t_pm t_int_l t_int_h   std                           values t_f_stat t_f_alpha t_t_stat t_t_alpha t_delta t_delta_pm t_delta_l t_delta_h t_delta_pp t_delta_pm_pp t_delta_l_pp t_delta_h_pp
model_name feature_name                                                                                                                                                                                                                                               
lgbm       coles_40_epoches                                         0.861 0.012   0.849   0.873 0.010  [0.870 0.870 0.847 0.859 0.858]    1.000     0.500    0.000     0.500   0.000      0.014    -0.014     0.014      0.000         1.633       -1.633        1.633
           coles_gnn_0_1__has_orig_emb__sample_2__graph_sage        0.857 0.014   0.843   0.871 0.011  [0.864 0.873 0.844 0.856 0.850]    0.716     0.377   -0.541     0.302  -0.004      0.015    -0.019     0.012     -0.420         1.788       -2.207        1.368
           coles_gnn_0_1__no_orig_emb__sample_2__GAT                0.740 0.010   0.730   0.750 0.008  [0.746 0.744 0.736 0.727 0.745]    1.463     0.639  -21.682     0.000  -0.121      0.013    -0.134    -0.108    -14.088         1.498      -15.587      -12.590
           coles_gnn_0_1__no_orig_emb__sample_2__graph_sage         0.860 0.013   0.847   0.874 0.011  [0.870 0.873 0.848 0.857 0.853]    0.792     0.413   -0.089     0.466  -0.001      0.015    -0.016     0.014     -0.067         1.737       -1.804        1.670
           coles_gnn_0_5__dotprod__has_orig_emb                     0.857 0.015   0.842   0.872 0.012  [0.869 0.868 0.840 0.858 0.852]    0.641     0.339   -0.515     0.310  -0.004      0.016    -0.019     0.012     -0.413         1.848       -2.261        1.435
           coles_gnn_0_5__has_orig_emb__sample_2__GAT               0.854 0.016   0.838   0.869 0.012  [0.868 0.866 0.840 0.850 0.846]    0.596     0.314   -1.001     0.173  -0.007      0.016    -0.023     0.009     -0.820         1.890       -2.710        1.070
           coles_gnn_0_5__has_orig_emb__sample_2__graph_sage        0.857 0.013   0.845   0.870 0.010  [0.868 0.866 0.844 0.853 0.855]    0.905     0.463   -0.592     0.285  -0.004      0.014    -0.018     0.011     -0.430         1.675       -2.105        1.245
           coles_gnn_0_5__no_orig_emb__sample_2__GAT                0.761 0.010   0.751   0.770 0.008  [0.766 0.764 0.748 0.758 0.767]    1.507     0.650  -18.036     0.000  -0.100      0.013    -0.113    -0.087    -11.649         1.489      -13.139      -10.160
           coles_gnn_0_5__no_orig_emb__sample_2__graph_sage         0.858 0.014   0.844   0.871 0.011  [0.867 0.871 0.845 0.853 0.852]    0.755     0.396   -0.512     0.311  -0.003      0.015    -0.019     0.012     -0.391         1.760       -2.151        1.370
           coles_gnn_0_9__has_orig_emb__sample_2__graph_sage        0.860 0.017   0.843   0.877 0.014  [0.873 0.875 0.843 0.856 0.854]    0.505     0.262   -0.090     0.465  -0.001      0.017    -0.018     0.016     -0.078         1.994       -2.072        1.915
           coles_gnn_0_9__no_orig_emb__sample_2__graph_sage         0.856 0.011   0.845   0.867 0.009  [0.864 0.865 0.845 0.853 0.853]    1.230     0.577   -0.840     0.213  -0.005      0.013    -0.018     0.009     -0.566         1.555       -2.121        0.989
                                                             scores_test                                                                                                                                                                                             
                                                                    mean  t_pm t_int_l t_int_h   std                           values t_f_stat t_f_alpha t_t_stat t_t_alpha t_delta t_delta_pm t_delta_l t_delta_h t_delta_pp t_delta_pm_pp t_delta_l_pp t_delta_h_pp
model_name feature_name                                                                                                                                                                                                                                              
lgbm       coles_40_epoches                                        0.877 0.004   0.873   0.881 0.003  [0.879 0.875 0.876 0.873 0.881]    1.000     0.500    0.000     0.500   0.000      0.005    -0.005     0.005      0.000         0.530       -0.530        0.530
           coles_gnn_0_1__has_orig_emb__sample_2__graph_sage       0.873 0.005   0.868   0.877 0.004  [0.869 0.875 0.868 0.875 0.876]    0.717     0.378   -1.881     0.048  -0.004      0.005    -0.009     0.001     -0.473         0.579       -1.052        0.107
           coles_gnn_0_1__no_orig_emb__sample_2__GAT               0.732 0.007   0.726   0.739 0.005  [0.741 0.730 0.734 0.728 0.728]    0.369     0.179  -52.732     0.000  -0.145      0.006    -0.151    -0.138    -16.488         0.721      -17.209      -15.767
           coles_gnn_0_1__no_orig_emb__sample_2__graph_sage        0.871 0.006   0.864   0.877 0.005  [0.866 0.876 0.873 0.864 0.873]    0.413     0.206   -2.340     0.024  -0.006      0.006    -0.012    -0.000     -0.703         0.693       -1.396       -0.010
           coles_gnn_0_5__dotprod__has_orig_emb                    0.873 0.005   0.868   0.878 0.004  [0.872 0.873 0.869 0.871 0.879]    0.732     0.385   -1.762     0.058  -0.004      0.005    -0.009     0.001     -0.440         0.576       -1.016        0.136
           coles_gnn_0_5__has_orig_emb__sample_2__GAT              0.871 0.005   0.866   0.876 0.004  [0.872 0.874 0.869 0.865 0.876]    0.567     0.298   -2.474     0.019  -0.006      0.005    -0.011    -0.000     -0.668         0.623       -1.291       -0.045
           coles_gnn_0_5__has_orig_emb__sample_2__graph_sage       0.873 0.006   0.867   0.879 0.005  [0.875 0.875 0.871 0.866 0.879]    0.438     0.222   -1.412     0.098  -0.004      0.006    -0.010     0.002     -0.416         0.679       -1.094        0.263
           coles_gnn_0_5__no_orig_emb__sample_2__GAT               0.769 0.006   0.762   0.775 0.005  [0.765 0.770 0.775 0.762 0.771]    0.376     0.183  -39.680     0.000  -0.108      0.006    -0.114    -0.102    -12.324         0.716      -13.041      -11.608
           coles_gnn_0_5__no_orig_emb__sample_2__graph_sage        0.875 0.004   0.871   0.879 0.003  [0.875 0.878 0.871 0.871 0.878]    0.888     0.455   -0.963     0.182  -0.002      0.005    -0.007     0.003     -0.228         0.546       -0.774        0.318
           coles_gnn_0_9__has_orig_emb__sample_2__graph_sage       0.872 0.004   0.868   0.876 0.003  [0.871 0.872 0.870 0.868 0.877]    0.980     0.492   -2.516     0.018  -0.005      0.005    -0.010    -0.000     -0.581         0.532       -1.113       -0.048
           coles_gnn_0_9__no_orig_emb__sample_2__graph_sage        0.876 0.004   0.872   0.879 0.003  [0.876 0.880 0.873 0.872 0.877]    1.191     0.565   -0.517     0.310  -0.001      0.004    -0.005     0.003     -0.114         0.508       -0.622        0.394

------------------------------------------------------------------------------------------------------------------------
Metric: "accuracy"
                                                             scores_valid                                                                                                                                                                                             
                                                                     mean  t_pm t_int_l t_int_h   std                           values t_f_stat t_f_alpha t_t_stat t_t_alpha t_delta t_delta_pm t_delta_l t_delta_h t_delta_pp t_delta_pm_pp t_delta_l_pp t_delta_h_pp
model_name feature_name                                                                                                                                                                                                                                               
lgbm       coles_40_epoches                                         0.780 0.019   0.761   0.799 0.015  [0.799 0.785 0.758 0.784 0.773]    1.000     0.500    0.000     0.500   0.000      0.022    -0.022     0.022      0.000         2.855       -2.855        2.855
           coles_gnn_0_1__has_orig_emb__sample_2__graph_sage        0.775 0.018   0.757   0.793 0.015  [0.786 0.793 0.761 0.775 0.761]    1.096     0.534   -0.477     0.323  -0.004      0.022    -0.026     0.017     -0.577         2.791       -3.368        2.214
           coles_gnn_0_1__no_orig_emb__sample_2__GAT                0.681 0.010   0.671   0.692 0.008  [0.688 0.683 0.688 0.668 0.679]    3.334     0.865  -12.647     0.000  -0.098      0.018    -0.116    -0.080    -12.621         2.301      -14.922      -10.320
           coles_gnn_0_1__no_orig_emb__sample_2__graph_sage         0.777 0.017   0.760   0.794 0.014  [0.794 0.788 0.768 0.775 0.760]    1.209     0.571   -0.315     0.380  -0.003      0.021    -0.024     0.018     -0.373         2.728       -3.101        2.355
           coles_gnn_0_5__dotprod__has_orig_emb                     0.780 0.020   0.760   0.801 0.016  [0.804 0.783 0.765 0.784 0.765]    0.868     0.447    0.053     0.520   0.001      0.023    -0.023     0.024      0.068         2.961       -2.893        3.029
           coles_gnn_0_5__has_orig_emb__sample_2__GAT               0.775 0.018   0.757   0.793 0.014  [0.796 0.778 0.757 0.772 0.769]    1.137     0.548   -0.537     0.303  -0.005      0.022    -0.027     0.017     -0.645         2.767       -3.412        2.123
           coles_gnn_0_5__has_orig_emb__sample_2__graph_sage        0.779 0.016   0.763   0.794 0.013  [0.798 0.777 0.762 0.780 0.776]    1.436     0.633   -0.134     0.448  -0.001      0.020    -0.022     0.019     -0.153         2.629       -2.781        2.476
           coles_gnn_0_5__no_orig_emb__sample_2__GAT                0.702 0.007   0.695   0.709 0.005  [0.705 0.704 0.692 0.706 0.703]    7.740     0.964  -10.706     0.000  -0.078      0.017    -0.094    -0.061     -9.958         2.145      -12.102       -7.813
           coles_gnn_0_5__no_orig_emb__sample_2__graph_sage         0.776 0.010   0.766   0.787 0.008  [0.790 0.778 0.768 0.771 0.774]    3.271     0.861   -0.475     0.324  -0.004      0.018    -0.022     0.014     -0.475         2.306       -2.781        1.831
           coles_gnn_0_9__has_orig_emb__sample_2__graph_sage        0.778 0.017   0.762   0.795 0.014  [0.795 0.787 0.761 0.780 0.770]    1.256     0.585   -0.145     0.444  -0.001      0.021    -0.022     0.020     -0.170         2.705       -2.875        2.536
           coles_gnn_0_9__no_orig_emb__sample_2__graph_sage         0.776 0.013   0.763   0.789 0.010  [0.785 0.782 0.759 0.780 0.774]    2.221     0.771   -0.434     0.338  -0.004      0.019    -0.023     0.015     -0.458         2.431       -2.889        1.973
                                                             scores_test                                                                                                                                                                                             
                                                                    mean  t_pm t_int_l t_int_h   std                           values t_f_stat t_f_alpha t_t_stat t_t_alpha t_delta t_delta_pm t_delta_l t_delta_h t_delta_pp t_delta_pm_pp t_delta_l_pp t_delta_h_pp
model_name feature_name                                                                                                                                                                                                                                              
lgbm       coles_40_epoches                                        0.793 0.015   0.778   0.808 0.012  [0.804 0.788 0.780 0.786 0.808]    1.000     0.500    0.000     0.500   0.000      0.018    -0.018     0.018      0.000         2.251       -2.251        2.251
           coles_gnn_0_1__has_orig_emb__sample_2__graph_sage       0.791 0.005   0.786   0.796 0.004  [0.794 0.785 0.790 0.794 0.790]    9.879     0.976   -0.415     0.345  -0.002      0.013    -0.016     0.011     -0.300         1.670       -1.970        1.370
           coles_gnn_0_1__no_orig_emb__sample_2__GAT               0.676 0.006   0.671   0.682 0.005  [0.683 0.677 0.671 0.675 0.674]    7.290     0.960  -20.028     0.000  -0.117      0.013    -0.130    -0.103    -14.740         1.697      -16.437      -13.043
           coles_gnn_0_1__no_orig_emb__sample_2__graph_sage        0.784 0.007   0.777   0.790 0.005  [0.781 0.786 0.783 0.777 0.792]    5.207     0.930   -1.554     0.079  -0.009      0.014    -0.023     0.004     -1.171         1.738       -2.908        0.567
           coles_gnn_0_5__dotprod__has_orig_emb                    0.788 0.008   0.780   0.796 0.006  [0.785 0.783 0.789 0.785 0.799]    3.645     0.881   -0.809     0.221  -0.005      0.014    -0.019     0.009     -0.630         1.797       -2.427        1.166
           coles_gnn_0_5__has_orig_emb__sample_2__GAT              0.787 0.009   0.777   0.796 0.008  [0.783 0.783 0.786 0.781 0.800]    2.566     0.808   -0.996     0.174  -0.006      0.015    -0.021     0.008     -0.811         1.876       -2.687        1.066
           coles_gnn_0_5__has_orig_emb__sample_2__graph_sage       0.788 0.011   0.777   0.799 0.009  [0.794 0.787 0.792 0.773 0.794]    1.848     0.717   -0.771     0.231  -0.005      0.016    -0.021     0.010     -0.660         1.976       -2.636        1.315
           coles_gnn_0_5__no_orig_emb__sample_2__GAT               0.694 0.013   0.681   0.707 0.011  [0.711 0.693 0.692 0.681 0.694]    1.313     0.601  -13.634     0.000  -0.099      0.017    -0.116    -0.082    -12.489         2.112      -14.601      -10.376
           coles_gnn_0_5__no_orig_emb__sample_2__graph_sage        0.799 0.007   0.792   0.805 0.005  [0.800 0.800 0.795 0.792 0.806]    5.106     0.928    0.915     0.807   0.005      0.014    -0.008     0.019      0.690         1.740       -1.050        2.431
           coles_gnn_0_9__has_orig_emb__sample_2__graph_sage       0.781 0.013   0.769   0.794 0.010  [0.783 0.776 0.775 0.774 0.799]    1.385     0.620   -1.624     0.071  -0.012      0.017    -0.028     0.005     -1.471         2.088       -3.559        0.617
           coles_gnn_0_9__no_orig_emb__sample_2__graph_sage        0.791 0.003   0.788   0.794 0.003  [0.789 0.789 0.790 0.795 0.789]   22.489     0.995   -0.426     0.341  -0.002      0.013    -0.015     0.011     -0.300         1.627       -1.927        1.326

------------------------------------------------------------------------------------------------------------------------
End of report.     Current time: 2024-08-03 14:09:39
------------------------------------------------------------------------------------------------------------------------
